32
0 506778240 0 0 1024412160 5427840 0 0 0 0 0 0 0 0 0 0 0 0 0 0 0 0 0 0 0 0 0 0 0 0 0 0 
506778240 0 506778240 0 5427840 1024412160 5427840 0 0 0 0 0 0 0 0 0 0 0 0 0 0 0 0 0 0 0 0 0 0 0 0 0 
0 506778240 0 506778240 0 5427840 1024412160 5427840 0 0 0 0 0 0 0 0 0 0 0 0 0 0 0 0 0 0 0 0 0 0 0 0 
0 0 506778240 0 0 0 5427840 1024412160 0 0 0 0 0 0 0 0 0 0 0 0 0 0 0 0 0 0 0 0 0 0 0 0 
1024412160 5427840 0 0 0 506778240 0 0 1024412160 5427840 0 0 0 0 0 0 0 0 0 0 0 0 0 0 0 0 0 0 0 0 0 0 
5427840 1024412160 5427840 0 506778240 0 506778240 0 5427840 1024412160 5427840 0 0 0 0 0 0 0 0 0 0 0 0 0 0 0 0 0 0 0 0 0 
0 5427840 1024412160 5427840 0 506778240 0 506778240 0 5427840 1024412160 5427840 0 0 0 0 0 0 0 0 0 0 0 0 0 0 0 0 0 0 0 0 
0 0 5427840 1024412160 0 0 506778240 0 0 0 5427840 1024412160 0 0 0 0 0 0 0 0 0 0 0 0 0 0 0 0 0 0 0 0 
0 0 0 0 1024412160 5427840 0 0 0 506778240 0 0 1024412160 5427840 0 0 0 0 0 0 0 0 0 0 0 0 0 0 0 0 0 0 
0 0 0 0 5427840 1024412160 5427840 0 506778240 0 506778240 0 5427840 1024412160 5427840 0 0 0 0 0 0 0 0 0 0 0 0 0 0 0 0 0 
0 0 0 0 0 5427840 1024412160 5427840 0 506778240 0 506778240 0 5427840 1024412160 5427840 0 0 0 0 0 0 0 0 0 0 0 0 0 0 0 0 
0 0 0 0 0 0 5427840 1024412160 0 0 506778240 0 0 0 5427840 1024412160 0 0 0 0 0 0 0 0 0 0 0 0 0 0 0 0 
0 0 0 0 0 0 0 0 1024412160 5427840 0 0 0 506778240 0 0 1024412160 5427840 0 0 0 0 0 0 0 0 0 0 0 0 0 0 
0 0 0 0 0 0 0 0 5427840 1024412160 5427840 0 506778240 0 506778240 0 5427840 1024412160 5427840 0 0 0 0 0 0 0 0 0 0 0 0 0 
0 0 0 0 0 0 0 0 0 5427840 1024412160 5427840 0 506778240 0 506778240 0 5427840 1024412160 5427840 0 0 0 0 0 0 0 0 0 0 0 0 
0 0 0 0 0 0 0 0 0 0 5427840 1024412160 0 0 506778240 0 0 0 5427840 1024412160 0 0 0 0 0 0 0 0 0 0 0 0 
0 0 0 0 0 0 0 0 0 0 0 0 1024412160 5427840 0 0 0 506778240 0 0 1024412160 5427840 0 0 0 0 0 0 0 0 0 0 
0 0 0 0 0 0 0 0 0 0 0 0 5427840 1024412160 5427840 0 506778240 0 506778240 0 5427840 1024412160 5427840 0 0 0 0 0 0 0 0 0 
0 0 0 0 0 0 0 0 0 0 0 0 0 5427840 1024412160 5427840 0 506778240 0 506778240 0 5427840 1024412160 5427840 0 0 0 0 0 0 0 0 
0 0 0 0 0 0 0 0 0 0 0 0 0 0 5427840 1024412160 0 0 506778240 0 0 0 5427840 1024412160 0 0 0 0 0 0 0 0 
0 0 0 0 0 0 0 0 0 0 0 0 0 0 0 0 1024412160 5427840 0 0 0 506778240 0 0 1024412160 5427840 0 0 0 0 0 0 
0 0 0 0 0 0 0 0 0 0 0 0 0 0 0 0 5427840 1024412160 5427840 0 506778240 0 506778240 0 5427840 1024412160 5427840 0 0 0 0 0 
0 0 0 0 0 0 0 0 0 0 0 0 0 0 0 0 0 5427840 1024412160 5427840 0 506778240 0 506778240 0 5427840 1024412160 5427840 0 0 0 0 
0 0 0 0 0 0 0 0 0 0 0 0 0 0 0 0 0 0 5427840 1024412160 0 0 506778240 0 0 0 5427840 1024412160 0 0 0 0 
0 0 0 0 0 0 0 0 0 0 0 0 0 0 0 0 0 0 0 0 1024412160 5427840 0 0 0 506778240 0 0 1024412160 5427840 0 0 
0 0 0 0 0 0 0 0 0 0 0 0 0 0 0 0 0 0 0 0 5427840 1024412160 5427840 0 506778240 0 506778240 0 5427840 1024412160 5427840 0 
0 0 0 0 0 0 0 0 0 0 0 0 0 0 0 0 0 0 0 0 0 5427840 1024412160 5427840 0 506778240 0 506778240 0 5427840 1024412160 5427840 
0 0 0 0 0 0 0 0 0 0 0 0 0 0 0 0 0 0 0 0 0 0 5427840 1024412160 0 0 506778240 0 0 0 5427840 1024412160 
0 0 0 0 0 0 0 0 0 0 0 0 0 0 0 0 0 0 0 0 0 0 0 0 1024412160 5427840 0 0 0 506778240 0 0 
0 0 0 0 0 0 0 0 0 0 0 0 0 0 0 0 0 0 0 0 0 0 0 0 5427840 1024412160 5427840 0 506778240 0 506778240 0 
0 0 0 0 0 0 0 0 0 0 0 0 0 0 0 0 0 0 0 0 0 0 0 0 0 5427840 1024412160 5427840 0 506778240 0 506778240 
0 0 0 0 0 0 0 0 0 0 0 0 0 0 0 0 0 0 0 0 0 0 0 0 0 0 5427840 1024412160 0 0 506778240 0