0 7475584 7341376 114240 3737792 0 57120 0 0 0 0 0 0 0 0 0 0 0 0 0 0 0 0 0 0 0 0 0 0 0 0 0 
7475584 0 114240 7341376 0 3737792 0 57120 7475584 0 114240 0 0 0 0 0 0 0 0 0 0 0 0 0 0 0 0 0 0 0 0 0 
7341376 114240 0 7475584 57120 0 3737792 0 0 0 0 0 0 0 0 0 7341376 114240 0 0 57120 0 0 0 0 0 0 0 0 0 0 0 
114240 7341376 7475584 0 0 57120 0 3737792 114240 0 7475584 0 0 0 0 0 114240 7341376 0 0 0 57120 0 0 114240 0 0 0 0 0 0 0 
3737792 0 57120 0 0 7533216 7395744 115056 0 0 0 0 0 0 0 0 0 0 0 0 0 0 0 0 0 0 0 0 0 0 0 0 
0 3737792 0 57120 7533216 0 115056 7395744 0 0 0 0 7533216 0 115056 0 0 0 0 0 0 0 0 0 0 0 0 0 0 0 0 0 
57120 0 3737792 0 7395744 115056 0 7533216 0 0 0 0 0 0 0 0 57120 0 0 0 7395744 115056 0 0 0 0 0 0 0 0 0 0 
0 57120 0 3737792 115056 7395744 7533216 0 0 0 0 0 115056 0 7533216 0 0 57120 0 0 115056 7395744 0 0 0 0 0 0 115056 0 0 0 
0 7475584 0 114240 0 0 0 0 0 7475584 7341376 114240 3737792 0 57120 0 0 0 0 0 0 0 0 0 0 0 0 0 0 0 0 0 
0 0 0 0 0 0 0 0 7475584 0 114240 7451744 0 3795424 0 57936 0 0 0 0 0 0 0 0 0 0 0 0 0 0 0 0 
0 114240 0 7475584 0 0 0 0 7341376 114240 0 7475584 57120 0 3737792 0 0 114240 0 0 0 0 0 0 7341376 114240 0 0 57120 0 0 0 
0 0 0 0 0 0 0 0 114240 7451744 7475584 0 0 57936 0 3795424 0 0 0 0 0 0 0 0 114240 7451744 0 0 0 57936 0 0 
0 0 0 0 0 7533216 0 115056 3737792 0 57120 0 0 7533216 7395744 115056 0 0 0 0 0 0 0 0 0 0 0 0 0 0 0 0 
0 0 0 0 0 0 0 0 0 3795424 0 57936 7533216 0 115056 7506936 0 0 0 0 0 0 0 0 0 0 0 0 0 0 0 0 
0 0 0 0 0 115056 0 7533216 57120 0 3737792 0 7395744 115056 0 7533216 0 0 0 0 0 115056 0 0 57120 0 0 0 7395744 115056 0 0 
0 0 0 0 0 0 0 0 0 57936 0 3795424 115056 7506936 7533216 0 0 0 0 0 0 0 0 0 0 57936 0 0 115056 7506936 0 0 
0 0 7341376 114240 0 0 57120 0 0 0 0 0 0 0 0 0 0 7475584 7341376 114240 3737792 0 57120 0 0 0 0 0 0 0 0 0 
0 0 114240 7341376 0 0 0 57120 0 0 114240 0 0 0 0 0 7475584 0 114240 7341376 0 3737792 0 57120 7475584 0 114240 0 0 0 0 0 
0 0 0 0 0 0 0 0 0 0 0 0 0 0 0 0 7341376 114240 0 7581056 57120 0 3790528 0 0 0 0 0 0 0 0 0 
0 0 0 0 0 0 0 0 0 0 0 0 0 0 0 0 114240 7341376 7581056 0 0 57120 0 3790528 114240 0 7581056 0 0 0 0 0 
0 0 57120 0 0 0 7395744 115056 0 0 0 0 0 0 0 0 3737792 0 57120 0 0 7533216 7395744 115056 0 0 0 0 0 0 0 0 
0 0 0 57120 0 0 115056 7395744 0 0 0 0 0 0 115056 0 0 3737792 0 57120 7533216 0 115056 7395744 0 0 0 0 7533216 0 115056 0 
0 0 0 0 0 0 0 0 0 0 0 0 0 0 0 0 57120 0 3790528 0 7395744 115056 0 7639512 0 0 0 0 0 0 0 0 
0 0 0 0 0 0 0 0 0 0 0 0 0 0 0 0 0 57120 0 3790528 115056 7395744 7639512 0 0 0 0 0 115056 0 7639512 0 
0 0 0 114240 0 0 0 0 0 0 7341376 114240 0 0 57120 0 0 7475584 0 114240 0 0 0 0 0 7475584 7341376 114240 3737792 0 57120 0 
0 0 0 0 0 0 0 0 0 0 114240 7451744 0 0 0 57936 0 0 0 0 0 0 0 0 7475584 0 114240 7451744 0 3795424 0 57936 
0 0 0 0 0 0 0 0 0 0 0 0 0 0 0 0 0 114240 0 7581056 0 0 0 0 7341376 114240 0 7581056 57120 0 3790528 0 
0 0 0 0 0 0 0 0 0 0 0 0 0 0 0 0 0 0 0 0 0 0 0 0 114240 7451744 7581056 0 0 57936 0 3848984 
0 0 0 0 0 0 0 115056 0 0 57120 0 0 0 7395744 115056 0 0 0 0 0 7533216 0 115056 3737792 0 57120 0 0 7533216 7395744 115056 
0 0 0 0 0 0 0 0 0 0 0 57936 0 0 115056 7506936 0 0 0 0 0 0 0 0 0 3795424 0 57936 7533216 0 115056 7506936 
0 0 0 0 0 0 0 0 0 0 0 0 0 0 0 0 0 0 0 0 0 115056 0 7639512 57120 0 3790528 0 7395744 115056 0 7639512 
0 0 0 0 0 0 0 0 0 0 0 0 0 0 0 0 0 0 0 0 0 0 0 0 0 57936 0 3848984 115056 7506936 7639512 0